
------------------------------+-------------------------+-------------------------+-------------------------+-------------------------+-------------------------+-------------------------+-------------------------+-------------------------+-------------------------+-------------------------+
              RR              |       NUM_CYCLES        |   NUM_INSTRS_RETIRED    |    NUM_STALL_CYCLES     |    NUM_MEM_REQUESTS     |    NUM_MEM_RESPONSES    |  AVG_RESPONSE_LATENCY   | NUM_TTIMEDOUT_REQUESTS  |   CACHE_NUM_ACCESSES    |     CACHE_NUM_HITS      |   CACHE_HIT_RATE_PERC   |
------------------------------+-------------------------+-------------------------+-------------------------+-------------------------+-------------------------+-------------------------+-------------------------+-------------------------+-------------------------+-------------------------+
lavaMD_5                      |                5559148.0|               43920412.0|                  15619.0|                   3847.0|                   3847.0|                    203.0|                      0.0|                 626660.0|                 622813.0|                    99.39|
run_q12                       |                 193947.0|                 868352.0|                 677821.0|                  16384.0|                  16384.0|                    203.0|                      0.0|                  65536.0|                  49152.0|                     75.0|
nn_256k                       |                  46345.0|                 245760.0|                 116401.0|                   6144.0|                   6144.0|                    203.0|                      0.0|                  24576.0|                  18432.0|                     75.0|
backprop_8192                 |                  81452.0|                 180247.0|                  31476.0|                   3457.0|                   3457.0|                    204.0|                      0.0|                  53255.0|                  49798.0|                    93.51|
crystal_q12                   |                 193947.0|                 868352.0|                 677821.0|                  16384.0|                  16384.0|                    203.0|                      0.0|                  65536.0|                  49152.0|                     75.0|
hotspot_r512h2i2              |                 461136.0|                3560236.0|                 108412.0|                   6144.0|                   6144.0|                    203.0|                      0.0|                 632280.0|                 626136.0|                    99.03|
------------------------------+-------------------------+-------------------------+-------------------------+-------------------------+-------------------------+-------------------------+-------------------------+-------------------------+-------------------------+-------------------------+

------------------------------+-------------------------+-------------------------+-------------------------+-------------------------+-------------------------+-------------------------+-------------------------+-------------------------+-------------------------+-------------------------+
             GTO              |       NUM_CYCLES        |   NUM_INSTRS_RETIRED    |    NUM_STALL_CYCLES     |    NUM_MEM_REQUESTS     |    NUM_MEM_RESPONSES    |  AVG_RESPONSE_LATENCY   | NUM_TTIMEDOUT_REQUESTS  |   CACHE_NUM_ACCESSES    |     CACHE_NUM_HITS      |   CACHE_HIT_RATE_PERC   |
------------------------------+-------------------------+-------------------------+-------------------------+-------------------------+-------------------------+-------------------------+-------------------------+-------------------------+-------------------------+-------------------------+
lavaMD_5                      |                5562670.0|               43920412.0|                  50545.0|                   3919.0|                   3919.0|                    203.0|                      0.0|                 626660.0|                 622741.0|                    99.37|
run_q12                       |                 160392.0|                 868352.0|                 410652.0|                  16384.0|                  16384.0|                    203.0|                      0.0|                  65536.0|                  49152.0|                     75.0|
nn_256k                       |                  43473.0|                 245760.0|                  92321.0|                   6144.0|                   6144.0|                    203.0|                      0.0|                  24576.0|                  18432.0|                     75.0|
backprop_8192                 |                  79040.0|                 180247.0|                  12726.0|                   3457.0|                   3457.0|                    203.0|                      0.0|                  53255.0|                  49798.0|                    93.51|
crystal_q12                   |                 160392.0|                 868352.0|                 410652.0|                  16384.0|                  16384.0|                    203.0|                      0.0|                  65536.0|                  49152.0|                     75.0|
hotspot_r512h2i2              |                 456876.0|                3560236.0|                  73983.0|                   6144.0|                   6144.0|                    203.0|                      0.0|                 632280.0|                 626136.0|                    99.03|
------------------------------+-------------------------+-------------------------+-------------------------+-------------------------+-------------------------+-------------------------+-------------------------+-------------------------+-------------------------+-------------------------+
